70.830711
66.841751
95.124596
59.513611
24.530334
82.613441
69.216972
8.558202
48.988850
13.265035
24.585838
66.427246
0.723412
72.285553
80.120346
91.126663
9.799652
34.751648
65.283653
37.916031
35.743992
29.421276
69.081352
71.841156
24.765234
49.620823
71.956871
18.478434
19.369940
97.093872
46.631470
90.200653
63.935619
41.756069
49.714264
88.465958
24.369513
18.931238
97.024162
73.358360
32.196274
21.609997
39.785603
32.919685
93.895554
19.905952
24.046347
3.695207
54.657597
89.330002
41.611240
90.401588
18.751276
10.692595
62.242744
43.516510
60.313416
34.199623
61.994946
79.683357
31.293491
8.626415
69.884018
95.229111
50.382484
19.598276
83.695068
74.751999
38.529514
80.719223
48.110355
70.725784
2.329224
87.895958
3.645474
96.224777
7.801912
27.691820
99.919983
62.459511
17.021820
41.531227
52.861107
35.773094
52.223820
15.103851
79.289604
12.537241
49.303471
41.284550
92.220596
80.596962
49.910965
62.104614
75.826080
0.293449
81.702888
59.521145
75.045441
20.232405
40.240372
23.155802
90.958199
42.569595
11.051763
94.603668
38.794373
18.853674
22.295486
38.714363
81.313187
39.317307
80.245590
34.174290
75.090401
32.469414
49.278145
54.380013
45.006653
98.581612
95.664558
37.227253
79.178581
45.575523
99.331871
55.004658
45.868973
81.034760
14.525800
20.914417
1.267159
54.766171
44.070221
92.225357
97.335770
55.121983
86.829018
36.130142
73.975662
9.124508
74.844505
55.288845
48.441814
55.090096
89.463135
23.532217
87.559509
38.741276
77.912231
32.566158
37.322891
73.576782
69.793411
16.501469
19.152309
69.125275
71.506126
65.021286
50.160034
86.031921
85.935699
51.427193
40.798092
30.005917
43.652546
38.133858
85.127899
30.481565
74.264000
59.103554
39.606075
49.108509
14.392397
88.047882
4.198605
3.855530
11.580106
91.758118
42.596806
89.492332
24.324274
79.919693
63.069122
94.117691
96.421165
82.221428
63.242966
67.927284
47.242710
13.403002
53.959209
33.178410
64.830193
94.757301
63.184326
8.482739
32.891159
48.312222
38.964306
7.155163
7.415778
78.570381
56.263672
21.808174
66.618263
60.462276
25.663704
78.198372
52.220390
68.260506
67.690704
76.544662
48.180202
30.759823
70.662354
44.601364
12.981254
33.905323
12.528647
60.223969
47.308323
66.487854
93.402374
12.138517
61.245155
56.586700
20.621256
94.136307
4.898922
59.585560
1.291475
12.314699
38.155937
57.555145
34.122875
4.774203
18.017424
59.786583
82.972572
70.237816
28.047089
50.663280
46.782475
76.227287
81.423103
17.444830
20.828655
94.404358
51.350151
33.357304
54.628319
98.658470
99.845161
48.030693
10.796991
61.090309
4.617392
31.418249
55.226624
9.516313
91.003815
56.518097
21.831013
29.159748
14.073245
55.953892
33.933949
32.090668
15.740468
16.906525
2.328480
43.787556
67.569801
49.110958
20.014849
48.992901
66.555786
40.843502
43.397259
17.905937
74.200806
98.025581
16.564411
74.045959
46.056271
27.361403
35.136272
50.673664
58.779652
90.362892
60.189976
49.783459
46.880993
82.020988
78.943207
60.954239
37.974876
12.877156
93.044907
53.715343
29.783682
95.373383
97.502899
97.353485
44.484344
17.517748
46.346386
11.040131
58.361252
89.743645
28.946066
32.562057
87.769226
45.510475
6.608019
33.825493
72.871880
41.744293
84.499153
31.651529
32.107189
44.689133
81.434990
78.988182
26.710123
60.378193
39.942421
64.684998
73.255348
32.987328
18.400345
3.039028
28.360718
15.903246
0.392510
72.845062
33.420994
46.738892
83.885193
91.782242
36.482536
12.831259
24.344301
24.251759
58.341736
30.952320
58.077251
31.213614
72.696617
42.576408
62.865143
4.803803
87.265549
44.300129
83.791992
13.975665
4.678322
23.734409
78.660667
77.933670
56.721741
97.061005
80.972702
85.082458
12.964256
81.365211
57.927521
46.385250
28.104103
41.812710
38.167496
64.586639
54.643970
62.511795
88.838402
12.985703
93.464119
46.915649
44.199318
66.160728
89.492058
7.064463
70.964531
76.757607
51.364594
54.756523
90.733269
56.042915
78.490929
69.393936
33.976585
35.212673
66.454948
14.949283
20.295128
79.419205
96.314491
78.222649
25.804455
24.418592
20.035358
63.971947
89.005234
74.679329
26.483744
77.843628
87.665024
19.947859
24.759283
31.864347
86.108589
14.251343
38.928810
57.073124
91.008949
90.293404
11.829640
81.742218
46.336319
90.320572
51.136154
80.312904
25.533241
17.591099
95.262184
45.828369
97.010300
91.576675
24.051018
22.814754
15.995266
44.086376
86.786697
5.000497
18.765701
13.270445
82.844124
6.430731
33.218304
7.603409
38.295078
19.326895
21.854752
77.223892
76.400017
12.863699
67.517296
88.229660
94.605919
13.853611
78.550224
45.742069
94.166512
4.083467
63.333164
89.428696
49.911839
60.343468
81.005371
73.962852
83.158218
97.000633
18.049231
69.944923
2.001133
36.814930
83.215370
84.845261
43.245663
16.433672
92.448669
81.540741
35.760567
14.303422
58.764629
12.160581
27.167120
26.281925
0.390237
21.773037
40.135536
78.940460
67.515106
34.302052
83.023926
30.848274
23.730745
32.935768
91.191742
4.736113
6.898623
74.349960
1.736749
24.947853
44.294888
3.737881
61.762787
27.510256
88.583145
5.008446
43.943928
81.031815
86.549187
79.704491
95.335236
45.313820
91.865074
22.502352
71.595749
92.255310
44.275387
11.731282
71.195778
11.790495
46.033333
54.219704
42.638771
69.764076
87.155472
33.830513
74.500191
94.054100
8.180475
76.236938
19.001949
52.475365
79.974815
80.764732
79.985619
68.557961
85.773178
23.929543
49.589771
72.322372
3.634034
44.925003
17.636185
95.499107
67.427353
89.231934
87.754417
11.702745
0.963213
58.950191
23.493240
46.996544
13.169893
66.132011
16.760618
0.325365
99.962524
91.260811
94.379463
8.142997
67.497749
13.381410
60.618359
47.472565
94.146141
40.603973
16.030523
79.919319
64.533516
65.620300
52.241684
68.167549
10.545298
69.877869
63.666660
77.972649
59.109802
51.421078
89.675400
60.073013
10.371264
13.168639
7.069558
23.541159
79.300652
23.830179
23.866524
79.263168
15.090985
18.245983
87.406166
82.588730
31.627392
48.024525
30.061296
25.773535
88.628502
46.091820
5.692854
53.162014
11.712113
57.934540
21.329567
22.257410
27.812408
84.996223
0.230064
86.922211
36.417301
89.905464
46.995224
46.788563
3.074101
54.064785
70.329720
82.374748
77.894958
94.196251
61.637920
92.985947
12.442229
49.044086
75.574677
44.069626
97.068611
5.635974
69.843155
85.697113
51.727791
75.536011
38.859131
63.439907
33.470551
60.188698
85.697319
61.282963
45.184925
85.927376
48.205173
81.602219
75.832840
95.200401
28.390789
78.906944
49.265186
98.720512
61.281693
27.160147
92.916756
22.919615
20.146095
5.358987
71.963707
95.720772
49.428608
69.032318
1.356748
19.271767
54.729431
53.084541
94.807777
93.588562
16.524446
28.278330
53.777260
2.221761
89.561287
98.962181
88.149139
37.766464
80.564407
63.981979
32.966866
8.955197
42.888924
82.232056
7.675710
4.170617
9.392198
0.592467
27.090231
29.538292
5.951455
99.053932
25.259066
55.380066
68.086250
26.615816
74.651833
22.815681
79.700356
69.459610
16.404243
96.224800
97.737938
70.181503
98.446564
87.299225
69.143692
86.595703
25.065693
49.708096
50.577690
58.032562
58.663292
93.466606
40.264610
66.339005
97.637222
49.656807
66.931465
24.727457
79.195099
72.882919
23.781391
4.454167
28.262987
91.867638
31.069983
2.914818
14.683321
10.770339
72.374428
31.087563
6.995141
70.112366
1.269065
5.441704
57.411594
70.412750
92.037407
82.477287
20.120846
42.615093
40.509846
78.784142
36.081703
80.774460
45.123138
33.718929
30.431265
12.054608
58.446384
9.626366
84.937531
82.227776
14.080533
13.200519
74.095413
45.150517
16.115335
88.778732
55.920856
88.489761
19.866299
62.915993
58.602123
21.135366
68.357697
16.013721
91.548119
60.395103
98.491005
11.668963
3.010199
39.000858
90.453102
39.091900
19.775312
35.576241
72.810829
50.206577
47.630848
31.257215
59.832943
32.568382
13.484991
73.913483
45.768902
87.580406
19.063993
61.884235
76.359138
74.984848
50.374001
96.225441
37.900845
8.976128
17.360807
6.258543
24.989849
8.908926
66.653648
23.480856
20.577890
69.663849
62.481712
11.030991
8.755750
82.257027
46.607231
81.566582
32.463604
94.238083
12.823794
92.296547
26.806465
26.308784
66.210022
72.575363
13.889192
85.274017
34.459602
90.248337
60.258865
84.833603
86.473778
98.159706
93.809738
3.834588
4.418251
18.799582
12.743513
71.071899
42.280437
33.321400
40.735748
4.762151
44.352394
49.491497
87.019173
90.959625
31.058077
19.482779
85.197708
43.881870
11.779325
12.004176
70.190659
77.989349
84.579544
84.079849
63.263363
19.039146
74.328186
23.522230
3.872752
60.801964
21.681938
97.682480
64.636551
26.100189
16.482067
77.380058
97.172089
58.762505
10.701466
37.907837
63.524658
55.053860
87.399330
50.543831
46.013485
18.457409
70.026611
31.211195
62.339283
81.805931
43.215370
32.529934
59.795284
27.794916
16.609781
23.058649
46.834061
90.937965
46.580879
50.706818
51.739925
68.262817
48.389297
16.376476
94.363007
64.871368
93.756538
91.535095
23.633869
4.458006
29.442930
87.158524
59.511864
16.842264
37.702358
5.525352
35.299675
7.728966
36.736549
97.638954
89.534904
79.951920
30.168888
49.330185
7.746833
46.778671
72.388832
54.580898
37.716633
18.969713
5.287708
89.456558
87.232529
53.677006
5.833037
81.595535
18.548370
99.589577
73.130630
42.182240
4.047583
2.573562
29.340765
63.559448
19.415827
67.043121
69.084801
54.715504
74.772087
5.821347
52.354454
64.306992
85.773262
82.523338
13.637175
93.520096
29.302010
86.026016
48.100994
67.018646
4.995724
53.388702
56.475204
92.228249
7.065706
62.308239
73.823792
25.614077
61.897816
46.954422
67.796310
65.945396
49.527985
97.137085
29.504848
68.943810
64.180199
98.589645
23.659309
38.952290
4.410995
76.013763
3.259279
90.184258
58.537109
16.896454
83.704361
87.839111
2.922464
31.805351
54.857761
7.918188
85.194054
11.332963
0.146443
92.259758
73.641205
73.970238
17.873837
35.539021
20.924654
85.670151
1.484420
70.452637
82.807228
30.989269
39.396446
46.987431
29.578918
63.055759
85.939720
33.989914
39.069523
89.198997
24.174171
97.606628
6.095454
7.878531
85.445747
9.017919
39.683884
40.303501
16.936108
24.877937
51.636463
17.082550
17.137697
25.277668